1000
0000
0000
0000
; 1

1000
1000
0000
0000
; 2

1000
1000
1000
0000
; 3

1000
1100
0000
0000
; 4

1111
0000
0000
0000
; 5

1111
0001
0000
0000
; 6

1000
1100
1000
0000
; 7

1100
1100
0000
0000
; 8

1100
0110
0000
0000
; 9

1000
1000
1000
1000
; 10

1000
1000
1000
1100
; 11

1111
0100
0000
0000
; 12

1100
1110
0000
0000
; 13

1100
0100
1100
0000
; 14

1000
1100
1000
1000
; 15

1000
1110
1000
0000
; 16

1000
1000
1110
0000
; 17

1100
0110
0010
0000
; 18

1000
1110
0010
0000
; 19

1000
1110
0100
0000
; 20

0100
1110
0100
0000
; 21
